$ANSIBLE_VAULT;1.1;AES256
39373534383438326134623865363039366133393037313236343437623662326231316463643034
3361313936363664623331333935316265396335356635320a396236656164386638353865633134
34343833333737306563336130376338633137333530366266643765323730313364656131303838
3033336337623566660a633632323137643935303838623236353839313336373666353366646331
39346162643739666563643038383564343132363564636161313939363130666636323738616439
32313862303833356133386634393039376166663433373633313338633261373135356639353431
65353465376330333964303233643131336263303630363534336535646463613866386135613131
35303931663365616135303533646638333430346165633363396338333535396630646632626163
61303964363030383633393263323833326166363938646532623861653461653834643936363465
64663464313930666332306265633139356437396632333832353766633962333961376538623633
33353866386265643531623034343533383362613238326638366535653936333738623136386565
30306362653939333830663439343564653732303538363236663863383832383935373961636138
37636637363034616462363464396531626138333364356561396139663866376333393963363130
32363334336335613961393230623331613836623465323237656439373237323966343364363238
64613832383866363838346534333634613162333536653631336139323738373539386133333939
30643334356538653064
