$ANSIBLE_VAULT;1.1;AES256
32306466653761313435623364343935353066303234623436343466373364366265633432363566
3638613032373437653330393137346431626638666132630a636135626661363366393839376661
35376665396235653365366238393034346665326161633764653565633036666166356164323737
6139336363626338650a366237653738333462376262303135396639633737653165626363663964
38366464623464613937356366613830353964336139353434336534356638643663323635396663
31666133613736613963613461316663303531663031383336306364363534653530396432633932
66616436653139656533653731613461386564646566303564363237313831336136623834383362
34303234313638323766313337653263646638353531333630323830653138656366396532353766
61366531376137343666653733643563303133613831353764643662313838306665343836396339
30363034386135613734313233643564313464386163666333333164343136383034396334393833
65396235373433363166343936386166666339313461383362363661613264313933326233643464
37366436303163623863626665386539306663643930623930373732373337616230393865333132
66363139616439386334306638633566346531646337393566666530623063333761633562383632
65613262613838653963383764613730653466653164316563663463616633323738643834656139
36613866393330343565373965636362626463373863346262306635323036646563336566306133
39326636653261333033306166663038373038643331633661353466316262616630613336616632
39343936346230623161316238353434643834663830353132313039613762333061633762353365
64353434666139313364663261313664376334336538393038636331636432663831666535646361
34633037613933353061666239303964633432643962326138396635346165326464653164613231
64393563386433333732386332313131333163363931626164646434323436643662663130383663
63656465306235323931363065363737376636346532306637646362353534353738333335643165
31303238656631393364613838333833346363653835626230653630396364336236386438303834
35653631656166613866313638383464393665303739326632316662363936393464633637313232
66346637303737376264363165303565383134326239383234626638376137383861663864653031
38623331366265363862626564303664313938313031643537356335623662633530
